#Bond potential for Bond-12: i,l,energy,force

Bond-12
N 671

1 0.476875 285.56428228068376 85.40013408820529
2 0.488125 284.60353077219145 88.6335322847699
3 0.499375 283.57002780427644 95.01944570885644
4 0.510625 282.4655932437422 101.24374817935313
5 0.521875 281.29204347024097 107.30710098507916
6 0.533125 280.05118347157793 113.21074349707487
7 0.544375 278.7448017415568 118.95620028763551
8 0.555625 277.37466896510614 124.54502484336808
9 0.566875 275.942538682581 129.97870851925472
10 0.578125 274.4501480234229 135.25870149215916
11 0.589375 272.89921789900745 140.38644899463725
12 0.600625 271.2914529210436 145.36340275848306
13 0.611875 269.62854133694157 150.19101750043956
14 0.623125 267.9121550272837 154.87074761487202
15 0.634375 266.14394951560695 159.40404698374005
16 0.645625 264.3255639701495 163.79236946222227
17 0.656875 262.458621202707 168.03716896627157
18 0.668125 260.5447276684084 172.139899416321
19 0.679375 258.58547346583975 176.10201472673543
20 0.690625 256.5824323370569 179.92496881195257
21 0.701875 254.53716166757084 183.61021558692119
22 0.713125 252.45120248635118 187.15920896645002
23 0.724375 250.3260794658257 190.573402865366
24 0.735625 248.16330092188042 193.85425119849424
25 0.746875 245.96435881385958 197.00320788065437
26 0.758125 243.73072874456574 200.02172682666787
27 0.769375 241.4638699602596 202.91126195136167
28 0.780625 239.16522535066008 205.6732671695645
29 0.791875 236.83622144894437 208.3091963961051
30 0.803125 234.47826843174772 210.82050354580315
31 0.814375 232.0927601191638 213.20864253347827
32 0.825625 229.68107397474446 215.4750672739592
33 0.836875 227.24457110549974 217.62123168206926
34 0.848125 224.78459626189792 219.64858967263535
35 0.859375 222.30247783786544 221.55859516048258
36 0.870625 219.79952787078707 223.3527020604306
37 0.881875 217.27704204150575 225.03236428730997
38 0.893125 214.73629967432262 226.59903575594217
39 0.904375 212.1785637369971 228.05417038114865
40 0.915625 209.60508084074678 229.39922207776
41 0.926875 207.01708124024748 230.63564476059946
42 0.938125 204.41577883363328 231.76489234449036
43 0.949375 201.80237116249646 232.7884187442578
44 0.960625 199.17803941188748 233.70767787472323
45 0.971875 196.54394841031518 234.5241236507154
46 0.983125 193.90124662974642 235.23920998705944
47 0.994375 191.25106618560636 235.85439079857497
48 1.005625 188.59452283677848 236.37112000008892
49 1.016875 185.93271598560437 236.79085150643004
50 1.028125 183.2667286778838 237.11503923241798
51 1.039375 180.59762760287498 237.34513709287785
52 1.050625 177.92646309329407 237.48259900263474
53 1.061875 175.2542691253157 237.52887887651286
54 1.073125 172.58206331857252 237.48543062934186
55 1.084375 169.9108469361555 237.35370817594048
56 1.095625 167.24160488461388 237.13516543113565
57 1.106875 164.57530571395498 236.83125630975064
58 1.118125 161.9129016176445 236.44343472660603
59 1.129375 159.25532843260635 235.97315459652964
60 1.140625 156.6035056392226 235.42186983435022
61 1.151875 153.95833636133347 234.79103435489287
62 1.163125 151.3207073662375 234.08210207297907
63 1.174375 148.69148906469144 233.29652690343028
64 1.185625 146.07153551091034 232.4357627610707
65 1.196875 143.46168440256736 231.5012635607318
66 1.208125 140.86275708079387 230.49448321723503
67 1.219375 138.27555853017958 229.4168756454037
68 1.230625 135.7008773787723 228.26989476006293
69 1.241875 133.13948589807816 227.05499447603597
70 1.253125 130.5921400030615 225.7736287081516
71 1.264375 128.05957925214477 224.42725137123034
72 1.275625 125.54252684720882 223.01731638009642
73 1.286875 123.0416896335926 221.54527764957857
74 1.298125 120.55775810009331 220.01258909449552
75 1.309375 118.09140637896647 218.42070462967513
76 1.320625 115.64329224592562 216.77107816994612
77 1.331875 113.21405712014268 215.06516363012997
78 1.343125 110.8043260642477 213.30441492504815
79 1.354375 108.4147077843291 211.49028596952667
80 1.365625 106.04579462993337 209.62423067839063
81 1.376875 103.69816259406532 207.70770296646333
82 1.388125 101.37237131318795 205.74215674857078
83 1.399375 99.0689640672225 203.72904593953626
84 1.410625 96.78846777954838 201.66982445418944
85 1.421875 94.53139301700324 199.56594620735268
86 1.433125 92.29823398988296 197.418865113852
87 1.444375 90.08946855194156 195.2300350885098
88 1.455625 87.9055582003915 193.0009100461466
89 1.466875 85.74694807590328 190.73294390158753
90 1.478125 83.61406696260578 188.42759056965724
91 1.489375 81.50732728808599 186.08630396518583
92 1.500625 79.4271251233891 183.71053800299524
93 1.511875 77.3738401830186 181.30174659790873
94 1.523125 75.34783582493617 178.86138366475143
95 1.534375 73.3494590505617 176.39090311835162
96 1.545625 71.37904050477326 173.89175887353258
97 1.556875 69.43689447590722 171.3654048451167
98 1.568125 67.52331889575814 168.81329494792726
99 1.579375 65.63859533957887 166.23688309678892
100 1.590625 63.782989026080394 163.63762320653086
101 1.601875 61.95674881743193 161.01696919197548
102 1.613125 60.16010721926095 158.37637496794196
103 1.624375 58.39328038065324 155.71729444925631
104 1.635625 56.656468094152686 153.04118155074866
105 1.646875 54.9498537957614 150.34949018724456
106 1.658125 53.27360456493969 147.64367427356956
107 1.669375 51.62787112460609 144.92518772454332
108 1.680625 50.01278784113747 142.1954844549864
109 1.691875 48.428472724368895 139.45601837972708
110 1.703125 46.875027427593615 136.70824341359298
111 1.714375 45.35253724756306 133.95361347140852
112 1.725625 43.86107112448693 131.1935824679963
113 1.736875 42.40068164203315 128.429604318178
114 1.748125 40.971405027327926 125.66313293677786
115 1.759375 39.57326115095565 122.89562223862367
116 1.770625 38.206253526958896 120.12852613854216
117 1.781875 36.870369312838456 117.36329855135409
118 1.793125 35.565579309553435 114.60139339192824
119 1.804375 34.29183796152007 111.84426457472682
120 1.815625 33.049083356622084 109.09336601632072
121 1.826875 31.837237226152862 106.35015162703598
122 1.838125 30.656204945013776 103.61607532320431
123 1.849375 29.505875531380767 100.8925910416001
124 1.860625 28.386121646577777 98.18115267535245
125 1.871875 27.29679959618534 95.48321399407132
126 1.883125 26.23774933171118 92.80022913112998
127 1.894375 25.20879444073492 90.13365270222789
128 1.905625 24.20974214591105 87.48493765915373
129 1.916875 23.240383343403966 84.85553451327064
130 1.928125 22.300492619362466 82.24689984401152
131 1.939375 21.389828096913707 79.66050141883989
132 1.950625 20.50813133743857 77.09779211094462
133 1.961875 19.655127774417455 74.56018150014131
134 1.973125 18.830527253685393 72.04909599790551
135 1.984375 18.034023114464585 69.56609028542323
136 1.995625 17.265290222263374 67.11276711823905
137 2.006875 16.523985854304208 64.6904548199791
138 2.018125 15.809754988813845 62.300147556340335
139 2.029375 15.122232534286553 59.94315826922491
140 2.040625 14.461033927756286 57.62183174846575
141 2.051875 13.825741319946076 55.33895069104324
142 2.063125 13.215907537207816 53.09574258683688
143 2.074375 12.631087111742247 50.89058046437242
144 2.085625 12.070869476759437 48.72059007842745
145 2.096875 11.53487383497763 46.585572025670615
146 2.108125 11.02269410618185 44.490793248089915
147 2.119375 10.533830986895609 42.44566177811953
148 2.130625 10.067666716174163 40.45891123866704
149 2.141875 9.623505484025602 38.53404502212834
150 2.153125 9.200650703176276 36.66830707887368
151 2.164375 8.798468574750853 34.85522976124554
152 2.175625 8.41640803354814 33.08844469577389
153 2.186875 8.05397856909594 31.36473513115908
154 2.198125 7.710701493097065 29.68558101321264
155 2.209375 7.386052996298654 28.056815294573084
156 2.220625 7.079423148969173 26.486152159131223
157 2.231875 6.7901145727181795 24.97956725995084
158 2.243125 6.517382885620277 23.538820388944885
159 2.254375 6.260491113966921 22.16179540469733
160 2.265625 6.018742489014587 20.84501074661324
161 2.276875 5.791478372168125 19.586104059512053
162 2.288125 5.578055147675565 18.38480851050815
163 2.299375 5.377820180681693 17.242631275960917
164 2.310625 5.190095943966444 16.162042993364963
165 2.321875 5.014174213330984 15.145417482144836
166 2.333125 4.8493240506181845 14.193788513261694
167 2.344375 4.694813971782597 13.306131034111672
168 2.355625 4.549936102350671 12.479930086941636
169 2.366875 4.4140155448264125 11.712615190780667
170 2.378125 4.286402260558106 11.002501325164275
171 2.389375 4.166459265010218 10.348538958433096
172 2.400625 4.0535601339933605 9.749508849864469
173 2.411875 3.947095315888269 9.203597342417254
174 2.423125 3.8464791937889724 8.708519110208613
175 2.434375 3.751153635908576 8.261761937798042
176 2.445625 3.660589550188516 7.860662274438226
177 2.456875 3.5742887347337167 7.5023682239694836
178 2.468125 3.491786265149203 7.183836146023253
179 2.479375 3.412652421448194 6.901911325656698
180 2.490625 3.3364932603219275 6.653457682148314
181 2.501875 3.262949623599858 6.435464874436207
182 2.513125 3.1916953006471127 6.24507123672899
183 2.524375 3.122435520773456 6.079509652983575
184 2.535625 3.0549063334549773 5.936054105256829
185 2.546875 2.9888743034051775 5.812034519018653
186 2.558125 2.9241355567770584 5.704909911280907
187 2.569375 2.860513830401357 5.612339968584081
188 2.580625 2.7978579074839174 5.532218209875751
189 2.591875 2.7360389206791527 5.4626772567480515
190 2.603125 2.6749476692070866 5.402090806153893
191 2.614375 2.61449187754069 5.349079917727195
192 2.625625 2.554593371058225 5.302516673855223
193 2.636875 2.4951852523789477 5.261519294244081
194 2.648125 2.4362091869377336 5.225439497782631
195 2.659375 2.3776128636788383 5.193846404896846
196 2.670625 2.319347642827555 5.1665107394699135
197 2.681875 2.261366372040765 5.143389861952784
198 2.693125 2.203621370933617 5.124610313401618
199 2.704375 2.146062639989229 5.11044368676022
200 2.715625 2.0886363879815124 5.101275009896966
201 2.726875 2.031283952266547 5.097566870862096
202 2.738125 1.9739411333871155 5.0998231396377065
203 2.749375 1.9165379316246989 5.108553702047558
204 2.760625 1.8589986750910459 5.12423955852357
205 2.771875 1.8012425415579187 5.147297735646504
206 2.783125 1.7431844760389996 5.178046526888082
207 2.794375 1.6847364947029373 5.216672035567498
208 2.805625 1.6258093552387312 5.263196708968167
209 2.816875 1.566314568751149 5.317450204692392
210 2.828125 1.5061667256331521 5.379042867916198
211 2.839375 1.4452861042230345 5.447342242012176
212 2.850625 1.3836015251878786 5.521453203617007
213 2.861875 1.3210534071416522 5.600202336526813
214 2.873125 1.2575969726160254 5.682126946530651
215 2.884375 1.1932055508447128 5.765468788055379
216 2.895625 1.1278739248847796 5.848172363359119
217 2.906875 1.0616216726691328 5.927887662841506
218 2.918125 0.994496452470846 6.001977302733572
219 2.929375 0.9265771833576277 6.06752801011644
220 2.940625 0.8579770722432262 6.12136629035308
221 2.951875 0.7888464418246837 6.160077993737154
222 2.963125 0.7193753173841403 6.180031439633289
223 2.974375 0.649795734432935 6.177403718777022
224 2.985625 0.5803837337116575 6.148209717979423
225 2.996875 0.5114610157783983 6.0883333090998875
226 3.008125 0.4433962342569101 5.993560090912474
227 3.019375 0.37660591373286795 5.85961110688725
228 3.030625 0.31155498435194706 5.682177030324464
229 3.041875 0.24875693055056797 5.456952332808591
230 3.053125 0.18877355686375372 5.179668926800142
231 3.064375 0.13221437969756525 4.846128745129358
232 3.075625 0.079735660098343 4.452234724396979
233 3.086875 0.03203909839863377 3.9940197289087873
234 3.098125 -0.01012978380210501 3.4676730898111563
235 3.109375 -0.045983546122116636 2.8695644497924087
236 3.120625 -0.07469498392243466 2.1962642878980936
237 3.131875 -0.09539949259982304 1.444560252578806
238 3.143125 -0.10719758960545844 0.6114691509848216
239 3.154375 -0.10915754849698073 -0.3057540865283217
240 3.165625 -0.10031812265857093 -1.309608923836863
241 3.176875 -0.0796913477106523 -2.402343868823629
242 3.188125 -0.04626538561003834 -3.5859561018718904
243 3.199375 0.000992664581464027 -4.862197780979784
244 3.210625 0.06313406446200781 -6.23258640340258
245 3.221875 0.1412258586580206 -7.698419247521059
246 3.233125 0.23634849753123272 -9.260777100721274
247 3.244375 0.3495933434242475 -10.920535566167345
248 3.255625 0.4820605477699991 -12.678433806297486
249 3.266875 0.6348581040659389 -14.535082028412901
250 3.278125 0.8090998934092906 -16.490569601185573
251 3.289375 1.0058959200926119 -18.544579817392098
252 3.300625 1.226352939300614 -20.698846831955727
253 3.311875 1.471619973811613 -22.958451280933375
254 3.323125 1.7429180931216164 -25.32133512613997
255 3.334375 2.041350014149759 -27.7615309107006
256 3.345625 2.3675525386123812 -30.247401289020615
257 3.356875 2.7219165431527195 -32.81965619338074
258 3.368125 3.1059948029634494 -35.646274542732655
259 3.379375 3.5239577203642005 -38.914844658747086
260 3.390625 3.9815788077852607 -42.58958788026709
261 3.401875 4.482223447670205 -46.30443041489224
262 3.413125 5.023428492120338 -49.599002502230064
263 3.424375 5.5982010039703765 -52.30550224362236
264 3.435625 6.200302292601842 -54.671755466599166
265 3.446875 6.828315501968854 -57.101101206414455
266 3.458125 7.485077069746168 -59.82350361040352
267 3.469375 8.174344333202985 -62.823192778020314
268 3.480625 8.89859890725162 -65.9944779672798
269 3.491875 9.659220087466782 -69.28475962771824
270 3.503125 10.457505998875273 -72.70606252761456
271 3.514375 11.29510649433811 -76.28349439518058
272 3.525625 12.173884622766868 -80.02876024467622
273 3.536875 13.095753599843324 -83.9461720007464
274 3.548125 14.062673492783661 -88.04165955451504
275 3.559375 15.076690939819908 -92.3234164383133
276 3.570625 16.139950362645706 -96.79980693953814
277 3.581875 17.254686595959512 -101.47855206868348
278 3.593125 18.42321778419108 -106.36703205181607
279 3.604375 19.64794481712537 -111.47309594200874
280 3.615625 20.931362442886275 -116.80586308309319
281 3.626875 22.276076736494964 -122.37571006299925
282 3.638125 23.68481591930375 -128.19341740131836
283 3.649375 25.160428628024626 -134.26941383316284
284 3.660625 26.705877730549915 -140.6138495022733
285 3.671875 28.32424024182577 -147.2371986339026
286 3.683125 30.01871469981272 -154.1506539103441
287 3.694375 31.792629954808504 -161.36606555909657
288 3.705625 33.649451174892384 -168.89573312503262
289 3.716875 35.592783950121735 -176.75233819991558
290 3.728125 37.62637878439048 -184.94900265792376
291 3.739375 39.75413650992501 -193.49934456645974
292 3.750625 41.98011403713582 -202.4174939455702
293 3.761875 44.308530123700336 -211.7180995586898
294 3.773125 46.743771277206335 -221.41634497391033
295 3.784375 49.29039788561331 -231.52796848104845
296 3.795625 51.95315056802991 -242.0692819930896
297 3.806875 54.73695673045782 -253.05718977310062
298 3.818125 57.646937337924676 -264.50920806234535
299 3.829375 60.68841391186058 -276.44348538114536
300 3.840625 63.866915759000435 -288.8788233882733
301 3.851875 67.18818743809672 -301.8346983540132
302 3.863125 70.65819647196572 -315.3312832864867
303 3.874375 74.28314131204266 -329.3894707110426
304 3.885625 78.06945956296417 -344.03089612564963
305 3.896875 82.02383647486977 -359.27796214922546
306 3.908125 86.15321371132173 -375.1538633814048
307 3.919375 90.46479840095137 -391.6826119925581
308 3.930625 94.96607248115428 -408.8890640632985
309 3.941875 99.66480234237557 -426.79894669316855
310 3.953125 104.56904878175055 -445.43888589868584
311 3.964375 109.68717727509599 -464.83643532136193
312 3.975625 115.02786857648118 -485.0201057667782
313 3.986875 120.60012965484849 -506.01939559635684
314 3.998125 126.41330497739919 -527.864821993875
315 4.009375 132.47708814971065 -550.5879531293322
316 4.020625 138.8015339228089 -574.2214412432186
317 4.031875 145.39707057768308 -598.7990566750495
318 4.043125 152.274512697998 -624.3557228600712
319 4.054375 159.44507434203462 -650.9275523188408
320 4.065625 166.92038262517133 -678.5518836653428
321 4.076875 174.71249172450484 -707.2673196592614
322 4.088125 182.83389731750532 -737.113766328659
323 4.099375 191.29755146689962 -768.1324731902632
324 4.110625 200.11687796428552 -800.3660745952238
325 4.121875 209.30578814529215 -833.8586322284063
326 4.133125 218.87869718942534 -868.6556787898899
327 4.144375 228.85054091806458 -904.8042628883413
328 4.155625 239.2367931044122 -942.3529951767559
329 4.166875 250.0534833095416 -981.3520957611909
330 4.178125 261.3172152590398 -1021.8534429136835
331 4.189375 273.0451857750994 -1063.910623121843
332 4.200625 285.2552042792803 -1107.5789825083739
333 4.211875 297.9657128815378 -1152.9156796538464
334 4.223125 311.1958070714928 -1199.9797398568062
335 4.234375 324.9652570283159 -1248.8321108665896
336 4.245625 339.29452956598993 -1299.5357201250845
337 4.256875 354.2048107311303 -1352.1555335538596
338 4.268125 369.718029070953 -1406.7586159236016
339 4.279375 385.8568795894112 -1463.4141928444624
340 4.290625 402.64484840995203 -1522.193714416917
341 4.301875 420.1062381637918 -1583.1709205825973
342 4.313125 438.26619412306184 -1646.4219082153359
343 4.324375 457.1507310986367 -1712.0251999944303
344 4.335625 476.786761122935 -1780.061815103374
345 4.346875 497.20212193846265 -1850.6153417966816
346 4.358125 518.4256063133619 -1923.7720118787583
347 4.369375 540.4869922057345 -1999.6207771405534
348 4.380625 563.4170737990224 -2078.2533878007052
349 4.391875 587.2476934312504 -2159.7644729978456
350 4.403125 612.0117744414758 -2244.2516233816204
351 4.414375 637.7433549573367 -2331.815475852014
352 4.425625 664.477622648144 -2422.5598004979875
353 4.436875 692.2509504685414 -2516.591589785967
354 4.448125 721.1009334183304 -2614.0211500496407
355 4.459375 751.0664263446581 -2714.9621953350943
356 4.470625 782.1875828133675 -2819.5319436565987
357 4.481875 814.5058950769317 -2927.8512157178848
358 4.493125 848.0642351670224 -3040.044536154499
359 4.504375 882.9068971404076 -3156.2402373561927
360 4.515625 919.0796405075337 -3276.5705659290397
361 4.526875 956.6297348738112 -3401.17179185689
362 4.538125 995.6060058243165 -3530.1843204222023
363 4.549375 1036.0588820833104 -3663.7528069503605
364 4.560625 1078.0404439806962 -3802.0262744420397
365 4.571875 1121.6044732582563 -3945.1582341581525
366 4.583125 1166.8065042492578 -4093.3068092224858
367 4.594375 1213.7038764657618 -4246.63486131125
368 4.605625 1262.3557886287572 -4405.3101204997365
369 4.616875 1312.823354177006 -4569.50531833549
370 4.628125 1365.1696582913096 -4739.398324209062
371 4.639375 1419.4598164717095 -4915.172285096422
372 4.650625 1475.7610347059745 -5097.015768749647
373 4.661875 1534.1426712685766 -5285.122910410937
374 4.673125 1594.676300190225 -5479.69356312594
375 4.684375 1657.4357764389097 -5680.933451737554
376 4.695625 1722.4973028543145 -5889.054330642364
377 4.706875 1789.9394988783629 -6104.274145390969
378 4.718125 1859.8434711256164 -6326.817198214456
379 4.729375 1932.2928858381877 -6556.914317564238
380 4.740625 2007.3740432708057 -6794.80303175452
381 4.751875 2085.1759540526646 -7040.727746794946
382 4.763125 2165.790417573698 -7294.939928502019
383 4.774375 2249.3121024439592 -7557.698288983505
384 4.785625 2335.83862907582 -7829.268977592554
385 4.796875 2425.470654439792 -8109.925776445583
386 4.808125 2518.3119590458523 -8399.950300599463
387 4.819375 2614.469536203279 -8699.63220298983
388 4.830625 2714.0536836131155 -9009.269384234925
389 4.841875 2817.1780973485647 -9329.16820740614
390 4.853125 2923.9599682797616 -9659.643717868428
391 4.864375 3034.5200810006036 -10001.0198682997
392 4.875625 3148.9829153164956 -10353.629749002954
393 4.886875 3267.4767503531702 -10717.81582361969
394 4.898125 3390.133771347948 -11093.930170354375
395 4.909375 3517.0901791861424 -11482.334728829417
396 4.920625 3648.486302746599 -11883.401552692521
397 4.931875 3784.466714121724 -12297.513068092521
398 4.943125 3925.1803467786913 -12725.062338143005
399 4.954375 4070.7806167299404 -13166.4533335015
400 4.965625 4221.425546782462 -13622.10120919536
401 4.976875 4377.277893936836 -14092.432587820658
402 4.988125 4538.5052800084395 -14577.88584924012
403 4.999375 4705.280325544738 -15078.911426919425
404 5.010625 4877.780787114112 -15595.972111042036
405 5.021875 5056.189698043184 -16129.54335853862
406 5.033125 5240.6955126812445 -16680.113610166736
407 5.044375 5431.492254271934 -17248.18461478973
408 5.055625 5628.779666513998 -17834.271761007054
409 5.066875 5832.763368894593 -18438.904416280508
410 5.078125 6043.655015880325 -19062.626273703063
411 5.089375 6261.6724600529105 -19705.99570657016
412 5.100625 6487.039919278135 -20369.586130916898
413 5.111875 6719.988147998541 -21053.986376176763
414 5.123125 6960.754612742129 -21759.801064118044
415 5.134375 7209.5836719411955 -22487.650996231474
416 5.145625 7466.726760157317 -23238.173549742613
417 5.156875 7732.442576810405 -24012.023082417727
418 5.168125 8006.9972795117355 -24809.871346329222
419 5.179375 8290.66468210281 -25632.407910767244
420 5.190625 8583.726457503975 -26480.340594485227
421 5.201875 8886.472345478727 -27354.39590745757
422 5.213125 9199.200365421793 -28255.31950232992
423 5.224375 9522.217034281148 -29183.876635759836
424 5.235625 9855.837589726363 -30140.85263985186
425 5.246875 10200.386218677815 -31127.05340387643
426 5.258125 10556.19629131361 -32143.30586646602
427 5.269375 10923.610600673299 -33190.45851849922
428 5.280625 11302.981607979813 -34269.38191689458
429 5.291875 11694.671693803426 -35380.96920951607
430 5.303125 12099.053415193954 -36526.13667139399
431 5.314375 12516.50976890979 -37705.82425249193
432 5.325625 12947.434460874985 -38920.99613725301
433 5.336875 13392.232181997984 -40172.64131614566
434 5.348125 13851.318890488295 -41461.774169422104
435 5.359375 14325.122100809978 -42789.43506334163
436 5.370625 14814.081179413442 -44156.690959105035
437 5.381875 15318.647647389842 -45564.636034736526
438 5.393125 15839.285490195054 -47014.39232014236
439 5.404375 16376.47147459304 -48507.110345611
440 5.415625 16930.695472971256 -50043.96980402735
441 5.426875 17502.460795183655 -51626.1802270452
442 5.438125 18092.284528079817 -53254.98167546815
443 5.449375 18700.697882881686 -54931.64544411807
444 5.460625 19328.24655057242 -56657.47478148609
445 5.471875 19975.491065465125 -58433.80562442879
446 5.483125 20643.00717712212 -60262.00734816585
447 5.494375 21331.38623079885 -62143.48353189265
448 5.505625 22041.235556589647 -64079.67274031427
449 5.516875 22773.17886745592 -66072.04932137916
450 5.528125 23527.856666320735 -68122.12422049581
451 5.539375 24305.92666241707 -70231.4458115563
452 5.550625 25108.064197080686 -72401.60074510146
453 5.561875 25934.962679181852 -74634.21481392207
454 5.573125 26787.334030394 -76930.95383639843
455 5.584375 27665.90914050081 -79293.52455792297
456 5.595625 28571.438332947193 -81723.67557076714
457 5.606875 29504.691840843072 -84223.1982527026
458 5.618125 30466.46029363307 -86793.92772470135
459 5.629375 31457.55521464884 -89437.74382808176
460 5.640625 32478.80952976483 -92156.57212148327
461 5.651875 33531.078087382215 -94952.38489800901
462 5.663125 34615.238189970114 -97827.20222287229
463 5.674375 35732.190137396836 -100783.09299193928
464 5.685625 36882.85778228866 -103822.17601159005
465 5.696875 38068.18909765761 -106946.62110023876
466 5.708125 39289.15675704412 -110158.65021188371
467 5.719375 40546.75872742498 -113460.53858210659
468 5.730625 41842.01887514141 -116854.61589695956
469 5.741875 43175.98758510657 -120343.26748511777
470 5.753125 44549.74239355666 -123928.93553368282
471 5.764375 45964.38863461443 -127614.1203280841
472 5.775625 47421.06010093844 -131401.38151654764
473 5.786875 48920.91971873675 -135293.33939953847
474 5.798125 50465.16023742818 -139292.67624457553
475 5.809375 52055.004934239696 -143402.13762690593
476 5.820625 53691.708334033436 -147624.53379653394
477 5.831875 55376.556944661716 -151962.74107204238
478 5.843125 57110.870008154525 -156419.7032616185
479 5.854375 58896.00026804813 -160998.4331118064
480 5.865625 60733.33475317003 -165702.0137845343
481 5.876875 62624.295578200145 -170533.6003628485
482 5.888125 64570.34076133427 -175496.42138581676
483 5.899375 66572.96505938101 -180593.78041313915
484 5.910625 68633.70082062973 -185829.05762006808
485 5.921875 70754.11885583255 -191205.7114230888
486 5.933125 72935.8293276494 -196727.28013683436
487 5.944375 75180.4826589113 -202397.38366284734
488 5.955625 77489.77046006327 -208219.7252107826
489 5.966875 79865.42647615391 -214198.09305256186
490 5.978125 82309.2275537461 -220336.36230998067
491 5.989375 84822.99462812845 -226638.49677638942
492 6.000625 87408.59373121464 -233108.5507731284
493 6.011875 90067.93702052385 -239750.671041226
494 6.023125 92802.98382964243 -246569.0986688817
495 6.034375 95615.74174057366 -253568.17105543613
496 6.045625 98508.2676783895 -260752.32391250506
497 6.056875 101482.66902860504 -268126.0933028562
498 6.068125 104541.104777704 -275694.11771755386
499 6.079375 107685.78667725 -283461.14019213524
500 6.090625 110918.98043202676 -291432.0104625188
501 6.101875 114243.00691265667 -299611.68716128357
502 6.113125 117660.24339315589 -308005.2400548626
503 6.124375 121173.12481389106 -316617.8523224415
504 6.135625 124784.14507041054 -325454.8228773596
505 6.146875 128495.85832863164 -334521.56873162463
506 6.158125 132310.88036687238 -343823.627404172
507 6.169375 136231.8899452255 -353366.6593736736
508 6.180625 140261.63020277972 -363156.4505767571
509 6.191875 144402.91008320253 -373198.91495229024
510 6.203125 148658.60578920657 -383500.09703238215
511 6.214375 153031.66226643109 -394066.17458094377
512 6.225625 157525.09471727745 -404903.46128077805
513 6.236875 162141.9901452486 -416018.40946982894
514 6.248125 166885.50893034894 -427417.61292729154
515 6.259375 171758.88643611263 -439107.80971054453
516 6.270625 176765.4346488358 -451095.88504380826
517 6.281875 181908.54384959833 -463388.8742593229
518 6.293125 187191.68431967095 -475993.96579171997
519 6.304375 192618.408079912 -488918.5042265821
520 6.315625 198192.3506647686 -502169.993404245
521 6.326875 203917.23293150752 -515756.0995795764
522 6.338125 209796.86290530954 -529684.6546385251
523 6.349375 215835.13766087426 -543963.6593724173
524 6.360625 222036.04524118843 -558601.2868112084
525 6.371875 228403.6666141264 -573605.8856163975
526 6.383125 234942.1776675579 -588985.9835344553
527 6.394375 241655.85124365162 -604750.2909118142
528 6.405625 248549.05921307314 -620907.7042726986
529 6.416875 255626.27458978735 -637467.3099605888
530 6.428125 262892.07368718693 -654438.3878440466
531 6.439375 270351.13831627835 -671830.4150882699
532 6.450625 278008.2580266724 -689653.0699935425
533 6.461875 285868.33239113307 -707916.2359013949
534 6.473125 293936.3733344544 -726630.0051694922
535 6.484375 302217.5075074466 -745804.6832163688
536 6.495625 310716.978706822 -765450.7926374339
537 6.506875 319440.15034178883 -785579.0773931779
538 6.518125 328392.50794816914 -806200.5070703998
539 6.529375 337579.66175087274 -827326.2812178675
540 6.540625 347007.3492755704 -848967.8337578848
541 6.551875 356681.4380104252 -871136.8374746274
542 6.563125 366607.9281187503 -893845.2085802071
543 6.574375 376792.95520347974 -917105.1113599893
544 6.585625 387242.79312434915 -940928.962898599
545 6.596875 397963.85686869826 -965329.4378876612
546 6.608125 408962.7054768224 -990319.4735161923
547 6.619375 420246.04502281244 -1015912.2744452842
548 6.630625 431820.7316518404 -1042121.3178686835
549 6.641875 443693.77467485785 -1068960.3586601354
550 6.653125 455872.3397216943 -1096443.4346087612
551 6.664375 468363.7519535549 -1124584.871744018
552 6.675625 481175.49933593365 -1153399.2897518277
553 6.686875 494315.23597297113 -1182901.607483223
554 6.698125 507790.78550430725 -1213107.0485563166
555 6.709375 521610.1445654882 -1244031.1470534988
556 6.720625 535781.4863130099 -1275689.7533156872
557 6.731875 550313.1640150911 -1308099.039834682
558 6.743125 565213.7147092914 -1341275.5072448067
559 6.754375 580491.8629280992 -1375235.9904156588
560 6.765625 596156.5244936424 -1409997.6646479145
561 6.776875 612216.8103826774 -1445578.0519734174
562 6.788125 628682.0306630455 -1481995.0275606252
563 6.799375 645561.6985027912 -1519266.8262275048
564 6.810625 662865.5342531629 -1557412.0490637794
565 6.821875 680603.4696067263 -1596449.6701639108
566 6.833125 698785.6518318523 -1636399.0434720218
567 6.844375 717422.4480848466 -1677279.909740653
568 6.855625 736524.4498010154 -1719112.403605841
569 6.866875 756102.477165978 -1761917.060779594
570 6.878125 776167.5836685577 -1805714.8253610134
571 6.889375 796731.0607366008 -1850527.0572685376
572 6.900625 817804.442457098 -1896375.5397952572
573 6.911875 839399.5103819941 -1943282.4872889593
574 6.923125 861528.2984211014 -1991270.552958116
575 6.934375 884203.0978235514 -2040362.8368059173
576 6.945625 907436.4622492326 -2090582.8936953694
577 6.956875 931241.2129316973 -2141954.7415464
578 6.968125 955630.4439340283 -2194502.869666375
579 6.979375 980617.5274991905 -2248252.2472166717
580 6.990625 1006216.1194964014 -2303228.331817873
581 7.001875 1032440.1649650927 -2359457.078295216
582 7.013125 1059303.9037580458 -2416964.9475652426
583 7.024375 1086821.8762853104 -2475778.915666707
584 7.035625 1115008.9293605443 -2535926.4829385057
585 7.046875 1143880.2221514268 -2597435.6833458766
586 7.058125 1173451.2322358289 -2660335.093956597
587 7.069375 1203737.76176545 -2724653.844569817
588 7.080625 1234755.9437386473 -2790421.6275006384
589 7.091875 1266522.2483842145 -2857668.707521923
590 7.103125 1299053.489657893 -2926425.93196474
591 7.114375 1332366.831853421 -2996724.740980558
592 7.125625 1366479.7963299528 -3068597.177968368
593 7.136875 1401410.2683577093 -3142075.900168352
594 7.148125 1437176.5040837433 -3217194.189423375
595 7.159375 1473797.137619735 -3293985.96311187
596 7.170625 1511291.1882537575 -3372485.7852552086
597 7.181875 1549678.0677879772 -3452728.8778013885
598 7.193125 1588977.5880042915 -3534751.1320863813
599 7.204375 1629209.9682599204 -3618589.120476663
600 7.215625 1670395.843215013 -3704280.108196661
601 7.226875 1712556.2706943452 -3791862.065342799
602 7.238125 1755712.739685229 -3881373.6790851504
603 7.249375 1799887.1784737608 -3972854.366060987
604 7.260625 1845101.9629215975 -4066344.28496404
605 7.271875 1891379.9248854518 -4161884.349330783
606 7.283125 1938744.360781544 -4259516.240525693
607 7.294375 1987219.0402972794 -4359282.42092897
608 7.305625 2036828.2152524418 -4461226.147331327
609 7.316875 2087596.6286122345 -4565391.484537303
610 7.328125 2139549.523654535 -4671823.319178492
611 7.339375 2192712.6532937502 -4780567.373741448
612 7.350625 2247112.289563713 -4891670.22081393
613 7.361875 2302775.233262064 -5005179.29755199
614 7.373125 2359728.823758637 -5121142.920368567
615 7.384375 2418000.948970356 -5239610.299848825
616 7.395625 2477620.0555052306 -5360631.555897012
617 7.406875 2538615.158978039 -5484257.733115807
618 7.418125 2601015.8545003408 -5610540.816420108
619 7.429375 2664852.327347491 -5739533.746890485
620 7.440625 2730155.3638053713 -5871290.437870666
621 7.451875 2796956.3621995808 -6005865.791311115
622 7.463125 2865287.3441098765 -6143315.714360237
623 7.474375 2935180.9657726856 -6283697.136208177
624 7.485625 3006670.5296745547 -6427068.025189027
625 7.496875 3079789.9963394385 -6573487.406142309
626 7.508125 3154573.9963127626 -6723015.378036201
627 7.519375 3231057.842345253 -6875713.131857395
628 7.530625 3309277.5417795475 -7031642.968773544
629 7.541875 3389269.8091426576 -7190868.318570077
630 7.553125 3471072.07894738 -7353453.758362681
631 7.564375 3554722.518705811 -7519465.031589985
632 7.575625 3640260.0421581483 -7688969.0672977865
633 7.586875 3727724.3227200173 -7862033.999708593
634 7.598125 3817155.8071515984 -8038729.188083053
635 7.609375 3908595.729451878 -8219125.236879319
636 7.620625 4002086.124981376 -8403294.016217679
637 7.631875 4097669.8448167834 -8591308.68264705
638 7.643125 4195390.570340942 -8783243.700218141
639 7.654375 4295292.828071683 -8979174.86187312
640 7.665625 4397422.004733079 -9179179.311155498
641 7.676875 4501824.36257269 -9383335.564238757
642 7.688125 4608547.054928459 -9591723.532278776
643 7.699375 4717638.142048952 -9804424.544099182
644 7.710625 4829146.607170682 -10021521.36921519
645 7.721875 4943122.372856303 -10243098.241192788
646 7.733125 5059616.317597529 -10469240.881349951
647 7.744375 5178680.292686666 -10700036.522807986
648 7.755625 5300367.1393607 -10935573.934900194
649 7.766875 5424730.70622193 -11175943.447933882
650 7.778125 5551825.8669392215 -11421236.97831276
651 7.789375 5681708.538233955 -11671548.054028153
652 7.800625 5814435.698154845 -11926971.840527207
653 7.811875 5950065.404645828 -12187605.166951299
654 7.823125 6088656.81441126 -12453546.552769482
655 7.834375 6230270.202083128 -12724896.234728515
656 7.845625 6374966.979692642 -13001756.194298744
657 7.856875 6522809.71645486 -13284230.186024964
658 7.868125 6673862.158878215 -13572423.764775157
659 7.879375 6828189.251162288 -13866444.309241056
660 7.890625 6985857.155836128 -14166401.058839202
661 7.901875 7146933.274986181 -14472405.18714434
662 7.913125 7311486.272546888 -14784569.815027475
663 7.924375 7479586.0958242845 -15103009.741978526
664 7.935625 7651303.991741393 -15427841.156115413
665 7.946875 7826712.521836894 -15759182.693573773
666 7.958125 8005885.602346815 -16097158.748654127
667 7.969375 8188898.593681595 -16441901.438711822
668 7.980625 8375828.384717817 -16793542.48737806
669 7.991875 8566753.299647616 -17152190.136995137
670 8.003125 8761752.662800223 -17517902.526480317
671 8.014375 8960906.106493406 -17702528.32828509
#Bond potential for Bond-20: i,l,energy,force

Bond-20
N 770

1 1.264375 157.89828792718038 154.50492558549462
2 1.275625 156.16010751434357 154.18679546904877
3 1.286875 154.42908502912678 153.54531879494152
4 1.298125 152.70533784145738 152.89342480679898
5 1.309375 150.9889829709738 152.23117993196774
6 1.320625 149.28013629298812 151.55870866695932
7 1.331875 147.5789120259672 150.8761641571473
8 1.343125 145.8854225994523 150.18370245237566
9 1.354375 144.19977872078877 149.48147336129205
10 1.365625 142.52208944882324 148.76962255614217
11 1.376875 140.85246221327557 148.04829521251122
12 1.388125 139.19100280654175 147.31763715884335
13 1.399375 137.5378153772016 146.5777945234131
14 1.410625 135.89300242976495 145.82891340212336
15 1.421875 134.25666482565384 145.07113983940417
16 1.433125 132.62890178337835 144.30461987699255
17 1.444375 131.00981087842152 143.52949956272914
18 1.455625 129.39948804321696 142.7459249449057
19 1.466875 127.79802756716113 141.954042071211
20 1.478125 126.20552209661471 141.1539969893338
21 1.489375 124.62206263490113 140.34593574701103
22 1.500625 123.04773854230697 139.53000439197058
23 1.511875 121.4826375360818 138.70634897194486
24 1.523125 119.92684569043821 137.87511553466356
25 1.534375 118.38044743655188 137.03645012785455
26 1.545625 116.8435255625615 136.1904987992466
27 1.556875 115.31616121356882 135.3374075965694
28 1.568125 113.79843389163868 134.47732256755262
29 1.579375 112.2904214557989 133.61038975992597
30 1.590625 110.79220012204036 132.7367552214173
31 1.601875 109.30384446331702 131.8565649997554
32 1.613125 107.82542740954587 130.96996514266903
33 1.624375 106.35702024760695 130.0771016978897
34 1.635625 104.89869262134336 129.1781207131462
35 1.646875 103.45051253156117 128.2731682361682
36 1.658125 102.01254633602957 127.36239031468176
37 1.669375 100.58485874948084 126.44593299641747
38 1.680625 99.16751284361018 125.52394232910592
39 1.691875 97.76057004707596 124.5965643604759
40 1.703125 96.36409014549947 123.66394513825799
41 1.714375 94.97813128146515 122.72623071017824
42 1.725625 93.60274995452048 121.78356712396726
43 1.736875 92.2380010211759 120.83610042735518
44 1.748125 90.88393769490499 119.88397666807077
45 1.759375 89.54061154614432 118.92734189384146
46 1.770625 88.20807250229356 117.96634215239737
47 1.781875 86.88636884771537 117.00112349146957
48 1.793125 85.5755472237355 116.03183195878637
49 1.804375 84.27565262864269 115.05861360207564
50 1.815625 82.9867284176888 114.08161446906706
51 1.826875 81.70881630308868 113.10098060749124
52 1.838125 80.44195635402025 112.11685806507694
53 1.849375 79.18618699662446 111.12939288955158
54 1.860625 77.94154501400534 110.13873112864576
55 1.871875 76.70806554622993 109.14501883008779
56 1.883125 75.48578209032837 108.14840204160691
57 1.894375 74.27472650029378 107.14902681093645
58 1.905625 73.0749289870823 106.14703918580244
59 1.916875 71.88641811861322 105.14258521393094
60 1.928125 70.70922081976886 104.13581094305482
61 1.939375 69.5433623723945 103.12686242090194
62 1.950625 68.38886641529857 102.115885695202
63 1.961875 67.24575494425245 101.10302681368557
64 1.973125 66.11404831199064 100.088431824081
65 1.984375 64.99376522821063 99.0722467741175
66 1.995625 63.88492275957301 98.0546177115225
67 2.006875 62.78753632970138 97.03569068402612
68 2.018125 61.70161971918242 96.01561173935897
69 2.029375 60.627185065565804 94.99452692525028
70 2.040625 59.56424286336429 93.97258228942837
71 2.051875 58.51280196405367 92.94992387962111
72 2.063125 57.47286957607282 91.92669774355818
73 2.074375 56.44445126482361 90.90304992897109
74 2.085625 55.42755095267098 89.87912648358815
75 2.096875 54.42217091894288 88.85507345513861
76 2.108125 53.42831179993036 87.83103689134987
77 2.119375 52.445972588887514 86.80716283995116
78 2.130625 51.47515063603146 85.783597348674
79 2.141875 50.51584164854235 84.76048646524623
80 2.153125 49.568039690563424 83.7379762373971
81 2.164375 48.631737183200926 82.71621271285585
82 2.175625 47.70692490452417 81.69534193935215
83 2.186875 46.7935919895655 80.67550996461614
84 2.198125 45.891725930320305 79.65686283637524
85 2.209375 45.00131257574706 78.6395466023589
86 2.220625 44.122336131767234 77.62370731029682
87 2.231875 43.25477916126538 76.609491007918
88 2.243125 42.39862258408908 75.59704374295188
89 2.254375 41.55384567704897 74.5865115631268
90 2.265625 40.72042607391873 73.5780405161729
91 2.276875 39.89833976543508 72.57177664981964
92 2.288125 39.087561099297794 71.56786601179556
93 2.299375 38.28806278016968 70.56645464982967
94 2.310625 37.499815869676624 69.56768861165119
95 2.321875 36.72278978640753 68.57171394498982
96 2.333125 35.956952305914356 67.57867669757502
97 2.344375 35.2022695607121 66.58872291713601
98 2.355625 34.4587060402788 65.60199865140271
99 2.366875 33.72622459105554 64.61864994810367
100 2.378125 33.00478641644647 63.638822854966065
101 2.389375 32.294351076818806 62.66266341971959
102 2.400625 31.59487648950278 61.69031769009439
103 2.411875 30.90631892879168 60.721931713820595
104 2.423125 30.228633025941818 59.75765153862744
105 2.434375 29.56177176917257 58.7976232122428
106 2.445625 28.90568650366636 57.841992782396346
107 2.456875 28.26032693156865 56.890906296818
108 2.468125 27.625641111987953 55.94450980323586
109 2.479375 27.001575460995845 55.002949349379605
110 2.490625 26.388074751626917 54.06637098297938
111 2.501875 25.78508211387881 53.13492075176396
112 2.513125 25.192539034712226 52.208744703462344
113 2.524375 24.61038535805091 51.287988885803315
114 2.535625 24.038559284781655 50.372799346515194
115 2.546875 23.476997372754322 49.46332213332664
116 2.558125 22.925634536781807 48.55970329396894
117 2.569375 22.38440404864002 47.66208887616892
118 2.580625 21.853237537068008 46.77062492769642
119 2.591875 21.332064987766852 45.885457495960395
120 2.603125 20.8208147434089 45.006732630236456
121 2.614375 20.319413503586535 44.13459637422295
122 2.625625 19.827786324988885 43.2691947771242
123 2.636875 19.34585662110124 42.410673906166835
124 2.648125 18.873546162100133 41.55917978875209
125 2.659375 18.41077507585432 40.7148583442538
126 2.670625 17.957461849354424 39.8778558222175
127 2.681875 17.51352331985443 39.04831888848071
128 2.693125 17.078874674363608 38.22639268929527
129 2.704375 16.653429484345285 37.412220251078
130 2.715625 16.237099718714354 36.60595021374081
131 2.726875 15.829795604536118 35.80774108906371
132 2.738125 15.431425544210423 35.01773722634994
133 2.749375 15.041896516943247 34.23604398514169
134 2.760625 14.661114554544735 33.462784348591754
135 2.771875 14.288983869099933 32.69819948988777
136 2.783125 13.925405066022261 31.942569759241564
137 2.794375 13.570276049516998 31.19591591883068
138 2.805625 13.223496957848573 30.457952716296518
139 2.816875 12.884972113400327 29.728707236831383
140 2.828125 12.554601045019869 29.009186229616716
141 2.839375 12.232265423233953 28.30080849173305
142 2.850625 11.917832853955876 27.603501166800697
143 2.861875 11.611186646980936 26.9144191906567
144 2.873125 11.3122584221661 26.22942195897315
145 2.884375 11.021024652904043 25.546847809197345
146 2.895625 10.73745434645916 24.870357260302114
147 2.906875 10.461441614547246 24.20788621123262
148 2.918125 10.192776906706428 23.567104663254952
149 2.929375 9.93118175962401 22.950856537329628
150 2.940625 9.67638263461651 22.355777106466917
151 2.951875 9.428176774728447 21.774335623227728
152 2.963125 9.186460083093838 21.198335201414352
153 2.974375 8.951214232696627 20.62212574060402
154 2.985625 8.722462253930248 20.044768322067114
155 2.996875 8.500206945450119 19.470410313284845
156 3.008125 8.284378021881338 18.90615502466568
157 3.019375 8.074818457395143 18.358186451006475
158 3.030625 7.871318826733692 17.82867594109598
159 3.041875 7.673673248720485 17.315666671378438
160 3.053125 7.4817163266276765 16.815630807418245
161 3.064375 7.295321555553576 16.326265438190717
162 3.075625 7.114375354268386 15.84739840419212
163 3.086875 6.938755091459255 15.37998390820411
164 3.098125 6.768325716333794 14.924753532658997
165 3.109375 6.602948136974428 14.481776687883553
166 3.120625 6.442485740856413 14.050828878182585
167 3.131875 6.2868044872153215 13.631773598595885
168 3.143125 6.135770834888005 13.224585489877768
169 3.154375 5.989251313693073 12.82923118149563
170 3.165625 5.847113133304342 12.445645380916574
171 3.176875 5.70922429262245 12.073768954115394
172 3.188125 5.575453331836747 11.713548299559505
173 3.199375 5.445669455882361 11.364905627152751
174 3.210625 5.319742955225811 11.027729995269084
175 3.221875 5.197545530988807 10.70188813204203
176 3.233125 5.078950472254866 10.387230250875518
177 3.244375 4.963832850344107 10.083586672123204
178 3.255625 4.8520697721320944 9.790765126514714
179 3.266875 4.743540634997526 9.508552791122355
180 3.278125 4.638127334331842 9.236720741791771
181 3.289375 4.535714418307211 8.975027499420037
182 3.300625 4.436189215594892 8.723219592732647
183 3.311875 4.339441977470726 8.481029550675885
184 3.323125 4.2453660507046855 8.248174367029549
185 3.334375 4.15385805421256 8.024356998399469
186 3.345625 4.064818018240698 7.8092703757539255
187 3.356875 3.9781494707580976 7.602601502257585
188 3.368125 3.8937594844399026 7.404034239605124
189 3.379375 3.811558700366982 7.213251270951616
190 3.390625 3.7314613308434916 7.029936208340018
191 3.401875 3.653385135679331 6.853776073118013
192 3.413125 3.577251369198337 6.6844637963743025
193 3.424375 3.5029847002609094 6.521700449526662
194 3.435625 3.4305131090839875 6.365197186228556
195 3.446875 3.3597677635707663 6.214677002430591
196 3.458125 3.2906828765292993 6.069876394980696
197 3.469375 3.223195544683695 5.930546888333964
198 3.480625 3.157245571541785 5.796456274238864
199 3.491875 3.0927752785133213 5.6673893900363055
200 3.503125 3.029729310265968 5.5431483861609365
201 3.514375 2.9680544398247006 5.423552576504704
202 3.525625 2.907699377294613 5.30843798648543
203 3.536875 2.8486145851287787 5.197656632323685
204 3.548125 2.7907521030673297 5.0910755035598925
205 3.559375 2.7340653862986817 4.988575236915494
206 3.570625 2.678509160236731 4.8900485165063685
207 3.581875 2.6240392946772886 4.79539825722901
208 3.593125 2.5706126994490783 4.704535622959426
209 3.604375 2.518187243160702 4.617377924011237
210 3.615625 2.4667216961588254 4.533846440304302
211 3.626875 2.4161756982538556 4.453864223895565
212 3.638125 2.3665097511211752 4.377353940864509
213 3.649375 2.3176852345844043 4.304235813482904
214 3.660625 2.26966444531781 4.234425716925003
215 3.671875 2.222410655953592 4.167833473904139
216 3.683125 2.1758881921549666 4.104361382346724
217 3.694375 2.1300625248507905 4.0439030080743805
218 3.705625 2.084900374473293 3.9863422723889386
219 3.716875 2.0403698237220396 3.931552858765812
220 3.728125 1.9964404351510623 3.879397953602762
221 3.739375 1.9530833697659777 3.8297303262835385
222 3.750625 1.9102715028096795 3.7823927455440725
223 3.761875 1.867979532991236 3.7372187217615505
224 3.773125 1.826184081570045 3.694033557446474
225 3.784375 1.7848637779486904 3.6526556808708506
226 3.795625 1.7439993287504512 3.6128982309746647
227 3.806875 1.7035735677517605 3.5745708558622056
228 3.818125 1.6635714844935516 3.5374816825497817
229 3.829375 1.6239802298943908 3.5014394121392485
230 3.840625 1.5847890977204186 3.4662554920684983
231 3.851875 1.5459894813228499 3.4317463153905976
232 3.863125 1.5075748056241307 3.397735396257332
233 3.874375 1.4695404349070598 3.3640554711615565
234 3.885625 1.4318835575229958 3.3305504771103998
235 3.896875 1.3946030491720758 3.297077360622204
236 3.908125 1.3576993169089966 3.2635076750624705
237 3.919375 1.3211741264831702 3.2297289282500614
238 3.930625 1.2850304160233705 3.195645647414757
239 3.941875 1.2492720994163382 3.161180134396048
240 3.953125 1.2139038629994596 3.126272890302637
241 3.964375 1.178930959384529 3.090882695560886
242 3.975625 1.14435900234934 3.054986338220907
243 3.986875 1.1101937667745585 3.018577990437741
244 3.998125 1.076440997564491 2.981668240072139
245 4.009375 1.0431062313729327 2.9442827912487815
246 4.020625 1.0101946347613935 2.906460854333467
247 4.031875 0.9777108621504298 2.8682532520409083
248 4.043125 0.9456589365904731 2.8297202741188556
249 4.054375 0.9140421559827556 2.7909293182077306
250 4.065625 0.8828630269307968 2.7519523589456085
251 4.076875 0.8521232279064794 2.7128632911150206
252 4.088125 0.8218236028807113 2.6737351955596367
253 4.099375 0.7919641860063877 2.6346375786675154
254 4.110625 0.76254425736069 2.59563363740628
255 4.121875 0.7335624291647466 2.556777602181114
256 4.133125 0.7050167613116173 2.518112209159515
257 4.144375 0.6769049044586576 2.479666352175311
258 4.155625 0.6492242683876707 2.441452961911427
259 4.166875 0.6219722128156505 2.403467156797614
260 4.178125 0.5951462573597266 2.3656847059873307
261 4.189375 0.5687443069309357 2.328060839952631
262 4.200625 0.5427648884607904 2.2905294387270487
263 4.211875 0.5172073945595771 2.2530026217099284
264 4.223125 0.49207232947231916 2.21537075630318
265 4.234375 0.4673615525427557 2.177502895577579
266 4.245625 0.44307851432182177 2.1392476477624953
267 4.256875 0.4192284804680995 2.1004344727295674
268 4.268125 0.39581873868540846 2.060875392906407
269 4.279375 0.37285878412770546 2.0203670983285154
270 4.290625 0.35036047897301514 1.9786934179382207
271 4.301875 0.3283381822240955 1.935628121890776
272 4.313125 0.30680884623047444 1.890938012646636
273 4.324375 0.28579207693954634 1.8443862561362288
274 4.335625 0.2653101554674077 1.7957358983977567
275 4.346875 0.24538801922559528 1.7447535079214536
276 4.358125 0.226053201539175 1.6912128795858354
277 4.369375 0.20733572943491552 1.634898732642725
278 4.380625 0.1892679800547138 1.5756103327839188
279 4.391875 0.171884496947276 1.5131649669767997
280 4.403125 0.1552217682977358 1.4474011995556832
281 4.414375 0.13931796995727447 1.3781818390384641
282 4.425625 0.12421267691937046 1.3053965473288578
283 4.436875 0.10994654764237405 1.228964026371374
284 4.448125 0.09656098632601454 1.1488337219407208
285 4.459375 0.08409778889870889 1.0649869900418132
286 4.470625 0.07259877905007386 0.9774376783215186
287 4.481875 0.062105441136473885 0.8862320828750074
288 4.493125 0.05265855718538614 0.7914482497686426
289 4.504375 0.04429785551668016 0.6931946003778262
290 4.515625 0.03706167867688516 0.591607870120566
291 4.526875 0.030986678438966922 0.486850361217948
292 4.538125 0.026107545549481248 0.37910652156970204
293 4.549375 0.022456781703648974 0.26857887348576626
294 4.560625 0.020064520896051617 0.1554833276193811
295 4.571875 0.018958406832212768 0.040043928803899176
296 4.583125 0.019163532497963782 -0.07751290850706438
297 4.594375 0.020702447273621645 -0.19696460697356621
298 4.605625 0.023595236154869123 -0.3180989972651157
299 4.616875 0.02785967471208702 -0.4407211664237831
300 4.628125 0.03351146239940462 -0.564660489706617
301 4.639375 0.04056453573048577 -0.6897777460847523
302 4.650625 0.04903146168631091 -0.8159722131779987
303 4.661875 0.05892391052699082 -0.9431886344719715
304 4.673125 0.07025320596193108 -1.071423950329279
305 4.684375 0.08303094940939945 -1.2007336848623664
306 4.695625 0.09726971387133321 -1.3312378835852807
307 4.706875 0.11298380179006834 -1.4631265018318071
308 4.718125 0.13019006016255014 -1.5966641501643855
309 4.729375 0.14890874516876684 -1.7321941094564268
310 4.740625 0.16916442762531814 -1.870141536196745
311 4.751875 0.19098692973319364 -2.0110157906044908
312 4.763125 0.2144122829139209 -2.155411836652698
313 4.774375 0.23948369605787914 -2.3040106798302276
314 4.785625 0.2662525232100989 -2.45757882102048
315 4.796875 0.29477921953084 -2.616966714448127
316 4.808125 0.325134274285184 -2.7831062295530167
317 4.819375 0.3573991096957826 -2.957007133749258
318 4.830625 0.3916669347945395 -3.1397526336249246
319 4.841875 0.42804354395234345 -3.3324940325466343
320 4.853125 0.46664805052684166 -3.5364445765650494
321 4.864375 0.5076135469250568 -3.7528725621504577
322 4.875625 0.5510876831752235 -3.9830937785304315
323 4.886875 0.5972331569419915 -4.228463381784291
324 4.898125 0.6462281092653737 -4.490367350354045
325 4.909375 0.6982664223249614 -4.770213696073792
326 4.920625 0.7535579174270335 -5.069423545541305
327 4.931875 0.8123284520996361 -5.389422112991809
328 4.943125 0.8748199149693494 -5.731629584128733
329 4.954375 0.9412901177425375 -6.09745205323712
330 4.965625 1.012012586167184 -6.488272771129651
331 4.976875 1.0872762550929487 -6.905443939723348
332 4.988125 1.1673850748109595 -7.350279160708709
333 4.999375 1.252657536208901 -7.824046520233324
334 5.010625 1.3434261215162087 -8.327962235452425
335 5.021875 1.4400366865065728 -8.86318489533273
336 5.033125 1.5428477816611954 -9.43081062782781
337 5.044375 1.6522299256327067 -10.031869629357033
338 5.055625 1.7685648483217276 -10.667323840663869
339 5.066875 1.8922447120476442 -11.338064611681915
340 5.078125 2.023671302084569 -12.04490956835771
341 5.089375 2.163255177335693 -12.788599981489895
342 5.100625 2.3114148016680907 -13.56980127858229
343 5.111875 2.468575706103795 -14.38910749660802
344 5.123125 2.6351697203417697 -15.247046701797885
345 5.134375 2.811634256894248 -16.144085887302538
346 5.145625 2.998411652806075 -17.080627611572964
347 5.156875 3.19594837815464 -18.0570096155613
348 5.168125 3.4046943691562026 -19.07353566334504
349 5.179375 3.625102930579904 -20.13047501832864
350 5.190625 3.857630057068595 -21.227847971121918
351 5.201875 4.102729509930147 -22.365476640351602
352 5.213125 4.360853281476504 -23.54429033063198
353 5.224375 4.632476042369367 -24.767041732183685
354 5.235625 4.918111720450635 -26.03273943121681
355 5.246875 5.218212679571746 -27.327593625504505
356 5.258125 5.532982577024484 -28.63449120105514
357 5.269375 5.862488731595487 -29.974667001969692
358 5.280625 6.2074125845688 -31.43793627687944
359 5.291875 6.569842297825276 -33.12655907230419
360 5.303125 6.9527601636956415 -35.025354579461634
361 5.314375 7.357912775863165 -36.94164559883609
362 5.325625 7.783947189669485 -38.627421483066655
363 5.336875 8.227029759232162 -39.985173594559285
364 5.348125 8.683613595547069 -41.13739814334588
365 5.359375 9.15262121745744 -42.29264942779179
366 5.370625 9.635198207672383 -43.57158585547518
367 5.381875 10.132981899205628 -44.96612631013261
368 5.393125 10.646936049650368 -46.41969813040487
369 5.404375 11.177425107139733 -47.9025572930982
370 5.415625 11.724743588745078 -49.4186185745163
371 5.426875 12.289344025066345 -50.97875376526497
372 5.438125 12.87176554846354 -52.586833359064485
373 5.449375 13.472547775645342 -54.242735327555465
374 5.460625 14.092227093333584 -55.94698212855769
375 5.471875 14.731354873537937 -57.70108398537434
376 5.483125 15.390501483004556 -59.50657718781997
377 5.494375 16.07025286026394 -61.36477322940243
378 5.505625 16.771208880666162 -63.27691008398335
379 5.516875 17.493983337153615 -65.24429958286953
380 5.528125 18.23920562128078 -67.26844372153244
381 5.539375 19.007523320888154 -69.35102855087428
382 5.550625 19.799603763675513 -71.49378415853585
383 5.561875 20.61613346445527 -73.69835913006887
384 5.573125 21.457816844102126 -75.96633271629287
385 5.584375 22.325375950571924 -78.2993133134072
386 5.595625 23.219551393653852 -80.69900179077979
387 5.606875 24.141103490864538 -83.16717960910546
388 5.618125 25.090812934858796 -85.70567290075792
389 5.629375 26.069481131131667 -88.31633994134245
390 5.640625 27.07793058353908 -91.00107925282578
391 5.651875 28.117005414320325 -93.76183720415156
392 5.663125 29.187571920632568 -96.60060891349735
393 5.674375 30.290519114874094 -99.51943761850362
394 5.685625 31.426759267048986 -102.52041551578918
395 5.696875 32.59722846397944 -105.605685169038
396 5.708125 33.80288718335243 -108.77744068059133
397 5.719375 35.04472087929284 -112.03792876417037
398 5.730625 36.32374058054636 -115.38944989390734
399 5.741875 37.64098350190585 -118.83435948973806
400 5.753125 38.99751366906557 -122.37506911811693
401 5.764375 40.394422557063585 -126.01404771488455
402 5.775625 41.832829742650574 -129.75382283448243
403 5.786875 43.31388357083955 -133.59698192307928
404 5.798125 44.838761835919975 -137.5461736169309
405 5.809375 46.40867247722062 -141.60410906626475
406 5.820625 48.02485428991105 -145.77356328515089
407 5.831875 49.68857765113663 -150.057376527825
408 5.843125 51.40114526178724 -154.4584556919167
409 5.854375 53.16389290420489 -158.97977574906326
410 5.865625 54.9781902161413 -163.62438120338948
411 5.876875 56.8454414812813 -168.3953875783418
412 5.888125 58.76708643665414 -173.29598293236722
413 5.899375 60.744601097259704 -178.32942940393832
414 5.910625 62.779498598242895 -183.49906478644562
415 5.921875 64.87333005495489 -188.8083041334653
416 5.933125 67.02768544124604 -194.26064139493246
417 5.944375 69.24419448634103 -199.85965108474966
418 5.955625 71.52452759065307 -205.6089899803883
419 5.966875 73.87039676089995 -211.51239885501354
420 5.978125 76.28355656489106 -217.57370424270357
421 5.989375 78.76580510636096 -223.79682023733494
422 6.000625 81.31898502023128 -230.1857503256997
423 6.011875 83.9449844886894 -236.74458925544786
424 6.023125 86.64573827847906 -243.4775249384411
425 6.034375 89.42322879980453 -250.38884039013556
426 6.045625 92.27948718725733 -257.48291570559377
427 6.056875 95.21659440318061 -264.76423007274116
428 6.068125 98.23668236389423 -272.23736382351944
429 6.079375 101.34193508921004 -279.9070005235699
430 6.090625 104.53458987567478 -287.7779291010702
431 6.101875 107.81693849398435 -295.85504601542016
432 6.113125 111.191328411022 -304.1433574664443
433 6.124375 114.66016403697961 -312.64798164474814
434 6.135625 118.22590799802909 -321.3741510239761
435 6.146875 121.89108243501934 -330.3272146956324
436 6.158125 125.6582703286811 -339.5126407471844
437 6.169375 129.53011685183128 -348.9360186841732
438 6.180625 133.5093307490753 -358.603061897059
439 6.191875 137.59868574451542 -368.5196101735528
440 6.203125 141.80102197798055 -378.69163225716875
441 6.214375 146.11924747030204 -389.12522845278363
442 6.225625 150.55633961816852 -399.8266332799594
443 6.236875 155.11534671910147 -410.8022181748347
444 6.248125 159.79938952710265 -422.0584942413534
445 6.259375 164.61166283953227 -433.6021150526858
446 6.270625 169.55543711578844 -445.43987950362407
447 6.281875 174.6340601283642 -457.57873471480525
448 6.293125 179.85095864687196 -470.0257789895959
449 6.304375 185.2096401556305 -482.7882648245013
450 6.315625 190.71369460542365 -495.87360197400085
451 6.326875 196.36679620004594 -509.289360570614
452 6.338125 202.17270521826288 -523.0432743011843
453 6.349375 208.13526987182303 -537.143243640232
454 6.360625 214.25842820016857 -551.5973391413045
455 6.371875 220.54621000250287 -566.4138047872875
456 6.383125 227.00273880788302 -581.6010614005845
457 6.394375 233.6322338840165 -597.1677101141613
458 6.405625 240.43901228545215 -613.1225359044183
459 6.416875 247.42749094186644 -629.4745111868706
460 6.428125 254.60218878715727 -646.2327994756397
461 6.439375 261.9677289300689 -663.4067591078092
462 6.450625 269.52884086708355 -681.0059470336273
463 6.461875 277.2903627383261 -699.0401226736303
464 6.473125 285.2572436272408 -717.519251843738
465 6.484375 293.4345459048108 -736.4535107494212
466 6.495625 301.82744761910345 -755.8532900500013
467 6.506875 310.4412449309365 -775.7291989941859
468 6.518125 319.2813545964733 -796.0920696280136
469 6.529375 328.35331649756745 -816.9529610762747
470 6.540625 337.66279622069015 -838.3231638986235
471 6.551875 347.21558768528723 -860.2142045215205
472 6.563125 357.0176158224251 -882.6378497471796
473 6.574375 367.0749393045995 -905.6061113407723
474 6.585625 377.39375332759323 -929.131250697028
475 6.596875 387.9803924452834 -953.2257835875607
476 6.608125 398.8413334583142 -977.9024849901107
477 6.619375 409.9831983575618 -1003.1743940009765
478 6.630625 421.412757323337 -1029.0548188319626
479 6.641875 433.13693178128176 -1055.5573418930871
480 6.653125 445.16279751593237 -1082.6958249624695
481 6.664375 457.4975878429383 -1110.4844144446251
482 6.675625 470.14869684093736 -1138.9375467185782
483 6.686875 483.12368264410725 -1168.0699535772474
484 6.698125 496.4302707964265 -1197.8966677593671
485 6.709375 510.076357668694 -1228.4330285753967
486 6.720625 524.0700139393739 -1259.6946876289549
487 6.731875 538.4194881403466 -1291.6976146351262
488 6.743125 553.1332102686654 -1324.458103337136
489 6.754375 568.2197954654333 -1357.992777522908
490 6.765625 583.688047762932 -1392.3185971430103
491 6.776875 599.5469639011523 -1427.4528645315295
492 6.788125 615.8057372148926 -1463.4132307314176
493 6.799375 632.4737615926103 -1500.217701925878
494 6.810625 649.5606355082261 -1537.884645977465
495 6.821875 667.0761661271047 -1576.4327990764286
496 6.833125 685.0303734874472 -1615.8812724998934
497 6.844375 703.4334947583536 -1656.2495594837346
498 6.855625 722.2959885758326 -1697.5575422086658
499 6.866875 741.62853945805 -1739.825498902268
500 6.878125 761.442062301135 -1783.0741110587624
501 6.889375 781.7477069568737 -1827.324470778207
502 6.900625 802.5568628936462 -1872.5980882269068
503 6.911875 823.8811639419807 -1918.9168992209015
504 6.923125 845.7324931261182 -1966.3032729342667
505 6.934375 868.1229875830034 -2014.7800197340403
506 6.945625 891.0650435701359 -2064.370399143889
507 6.956875 914.5713215637427 -2115.098127938094
508 6.968125 938.6547514487448 -2166.9873883679393
509 6.979375 963.3285378020231 -2220.0628365224475
510 6.990625 988.6061652705017 -2274.349610825433
511 7.001875 1014.5014040455973 -2329.873340670849
512 7.013125 1041.0283154355977 -2386.6601551983695
513 7.024375 1068.2012575375627 -2444.736692211496
514 7.035625 1096.0348910103585 -2504.1301072399365
515 7.046875 1124.5441849504634 -2564.868082748624
516 7.058125 1153.7444228722047 -2626.9788374954223
517 7.069375 1183.6512087941126 -2690.4911360395636
518 7.080625 1214.2804734330973 -2755.4342984032264
519 7.091875 1245.6484805081875 -2821.8382098882503
520 7.103125 1277.7718331555852 -2889.733331050309
521 7.114375 1310.667480456822 -2959.150707832996
522 7.125625 1344.3527240818303 -3030.1219818636455
523 7.136875 1378.8452250487567 -3102.67940091373
524 7.148125 1414.1630106023918 -3176.8558295259645
525 7.159375 1450.3244812130936 -3252.684759810494
526 7.170625 1487.3484176981306 -3330.200322412573
527 7.181875 1525.2539884673793 -3409.4372976541927
528 7.193125 1564.060756895353 -3490.4311268524034
529 7.204375 1603.7886888215614 -3573.2179238162207
530 7.215625 1644.458160181221 -3657.8344865253457
531 7.226875 1686.0899647683846 -3744.31830899285
532 7.238125 1728.7053221335632 -3832.7075933145825
533 7.249375 1772.325885617966 -3923.0412619078706
534 7.260625 1816.9737505264939 -4015.358969942361
535 7.271875 1862.6714624416727 -4109.701117965393
536 7.283125 1909.4420256807184 -4206.108864724782
537 7.294375 1957.3089118979838 -4304.624140192187
538 7.305625 2006.2960688350465 -4405.289658789174
539 7.316875 2056.427929220744 -4508.14893281924
540 7.328125 2107.729419823483 -4613.246286108653
541 7.339375 2160.2259706581926 -4720.626867858984
542 7.350625 2213.9435243503144 -4830.33666671424
543 7.361875 2268.908545659267 -4942.42252504552
544 7.373125 2325.148031163843 -5056.93215345651
545 7.384375 2382.689519112043 -5173.914145512565
546 7.395625 2441.56109943788 -5293.417992696544
547 7.406875 2501.7914239477195 -5415.49409959474
548 7.418125 2563.409716678766 -5540.193799315704
549 7.429375 2626.445784432328 -5667.5693691458
550 7.440625 2690.9300274845514 -5797.674046443892
551 7.451875 2756.89345047732 -5930.562044779188
552 7.463125 2824.367673492088 -6066.2885703154025
553 7.474375 2893.384943309422 -6204.909838444088
554 7.485625 2963.9781448570857 -6346.48309067158
555 7.496875 3036.1808128495377 -6491.066611761809
556 7.508125 3110.0271436217317 -6638.71974713949
557 7.519375 3185.5520071601823 -6789.502920556959
558 7.530625 3262.7909593342692 -6943.477652027563
559 7.541875 3341.780254330808 -7100.706576030207
560 7.553125 3422.5568572949546 -7261.253459988104
561 7.564375 3505.158457180547 -7425.183223025961
562 7.575625 3589.6234798130454 -7592.561955008772
563 7.586875 3675.9911011682507 -7763.456935866125
564 7.598125 3764.30126087004 -7937.936655206693
565 7.609375 3854.5946759104077 -8116.070832225349
566 7.620625 3946.912854595117 -8297.930435908376
567 7.631875 4041.298110718353 -8483.587705539772
568 7.643125 4137.793577969769 -8673.116171512782
569 7.654375 4236.443224577399 -8866.590676451247
570 7.665625 4337.29186818993 -9064.08739664458
571 7.676875 4440.385191001909 -9265.68386380034
572 7.688125 4545.769755125445 -9471.458987118938
573 7.699375 4653.493018212093 -9681.493075695063
574 7.710625 4763.603349328592 -9895.867861249222
575 7.721875 4876.1500450902095 -10114.666521194798
576 7.733125 4991.183346055484 -10337.973702044197
577 7.744375 5108.754453386213 -10565.87554315955
578 7.755625 5228.915545776583 -10798.459700851614
579 7.766875 5351.719796655383 -11035.815372831858
580 7.778125 5477.221391665309 -11278.033323022246
581 7.789375 5605.475546423393 -11525.205906727642
582 7.800625 5736.538524566691 -11777.427096175612
583 7.811875 5870.467656087355 -12034.792506428115
584 7.823125 6007.321355961334 -12297.399421670183
585 7.834375 6147.159143074945 -12565.3468218802
586 7.845625 6290.041659453649 -12838.735409887857
587 7.856875 6436.030689797432 -13117.667638822983
588 7.868125 6585.189181327178 -13402.24773996207
589 7.879375 6737.581263946589 -13692.581750976678
590 7.890625 6893.272270724165 -13988.77754458948
591 7.901875 7052.328758699866 -14290.944857642928
592 7.913125 7214.818530021143 -14599.195320584986
593 7.924375 7380.81065341304 -14913.642487380072
594 7.935625 7550.375485987207 -15234.401865847409
595 7.946875 7723.58469539462 -15561.590948434197
596 7.958125 7900.511282326989 -15895.329243428772
597 7.969375 8081.229603371781 -16235.738306619693
598 7.980625 8265.815394225947 -16582.941773406405
599 7.991875 8454.345793273438 -16937.065391365904
600 8.003125 8646.899365531677 -17298.237053281686
601 8.014375 8843.556126972277 -17666.586830646324
602 8.025625 9044.397569221233 -18042.247007633792
603 8.036875 9249.506684644053 -18425.352115553687
604 8.048125 9458.967991821208 -18816.03896779468
605 8.059375 9672.867561419449 -19214.44669525948
606 8.070625 9891.293042464562 -19620.716782299743
607 8.081875 10114.33368902121 -20034.993103156914
608 8.093125 10342.08038728561 -20457.42195891519
609 8.104375 10574.62568309682 -20888.152114972705
610 8.115625 10812.063809872514 -21327.3348390389
611 8.126875 11054.490716975213 -21775.12393966358
612 8.138125 11302.004098514963 -22231.675805303734
613 8.149375 11554.703422594566 -22697.149443936476
614 8.160625 11812.689961003553 -23171.706523223373
615 8.171875 12076.066819367112 -23655.511411235086
616 8.183125 12344.938967756361 -24148.73121774092
617 8.194375 12619.413271766301 -24651.535836071358
618 8.205625 12899.59852406799 -25164.0979855631
619 8.216875 13185.605476441495 -25686.593254588777
620 8.228125 13477.546872296258 -26219.200144182192
621 8.239375 13775.537479685616 -26762.10011226812
622 8.250625 14079.694124822314 -27315.47761849861
623 8.261875 14390.135726101857 -27879.52016970783
624 8.273125 14706.983328640763 -28454.418365992722
625 8.284375 15030.360139336717 -29040.365947425133
626 8.295625 15360.391562457855 -29637.55984140502
627 8.306875 15697.205235768357 -30246.200210660463
628 8.318125 16040.931067197742 -30866.490501906257
629 8.329375 16391.701272061273 -31498.637495165458
630 8.340625 16749.65041083899 -32142.851353763253
631 8.351875 17114.915427520973 -32799.34567500267
632 8.363125 17487.635688526578 -33468.337541528046
633 8.374375 17867.953022205384 -34150.04757338727
634 8.385625 18256.01175892782 -34844.69998079818
635 8.396875 18651.958771773374 -35552.522617632756
636 8.408125 19055.943517824588 -36273.7470356212
637 8.419375 19468.11808007488 -37008.60853928921
638 8.430625 19888.637209958626 -37757.34624163795
639 8.441875 20317.658370511766 -38520.20312057203
640 8.453125 20755.34178017153 -39297.426076087286
641 8.464375 21201.850457223765 -40089.26598822605
642 8.475625 21657.35026490665 -40895.97777581122
643 8.486875 22122.00995717955 -41717.82045596617
644 8.498125 22596.001225165925 -42555.05720443209
645 8.509375 23079.49874427931 -43407.95541668974
646 8.520625 23572.680222041483 -44276.78676989698
647 8.531875 24075.726446602028 -45161.82728565391
648 8.543125 24588.821335968732 -46063.35739360121
649 8.554375 25112.151987958096 -46981.661995863775
650 8.565625 25645.908730875708 -47917.03053235053
651 8.576875 26190.285174936023 -48869.75704691862
652 8.588125 26745.47826443142 -49840.14025441557
653 8.599375 27311.688330660418 -50828.48360860674
654 8.610625 27889.119145625114 -51835.095370997675
655 8.621875 28477.97797650791 -52860.28868056717
656 8.633125 29078.47564093792 -53904.38162441645
657 8.644375 29690.826563057322 -54967.6973093471
658 8.655625 30315.24883039828 -56050.56393438298
659 8.666875 30951.96425158099 -57153.31486423779
660 8.678125 31601.19841484368 -58276.28870374756
661 8.689375 32263.18074741536 -59419.82937327796
662 8.700625 32938.14457574248 -60584.28618511604
663 8.711875 33626.32718658052 -61770.01392085757
664 8.723125 34327.96988896183 -62977.37290980411
665 8.734375 35043.31807705117 -64206.72910837922
666 8.745625 35772.62129390042 -65458.45418057847
667 8.756875 36516.13329611424 -66732.92557946267
668 8.768125 37274.11211943838 -68030.52662970638
669 8.779375 38046.82014528269 -69351.64661121857
670 8.790625 38834.52416819086 -70696.68084384012
671 8.801875 39637.49546426915 -72066.03077313676
672 8.813125 40456.0098605865 -73460.10405730223
673 8.824375 41290.347805558515 -74879.31465517613
674 8.835625 42140.79444032803 -76324.08291539107
675 8.846875 43007.63967115488 -77794.83566667349
676 8.858125 43891.178242828246 -79292.00630929857
677 8.869375 44791.70981311417 -80816.0349077161
678 8.880625 45709.53902825193 -82367.36828436214
679 8.891875 46644.975599512385 -83946.46011467138
680 8.903125 47598.33438083211 -85553.7710233042
681 8.914375 48569.9354475368 -87189.76868159138
682 8.925625 49560.10417616798 -88854.92790622776
683 8.936875 50569.171325427 -90549.73075922299
684 8.948125 51597.47311825058 -92274.66664911434
685 8.959375 52645.351325032156 -94030.23243346717
686 8.970625 53713.15334800367 -95816.9325226699
687 8.981875 54801.23230679231 -97635.27898504958
688 8.993125 55909.94712516737 -99485.79165331041
689 9.004375 57039.662618991875 -101368.99823231623
690 9.015625 58190.74958539457 -103285.4344082307
691 9.026875 59363.58489317716 -105235.64395903423
692 9.038125 60558.55157447293 -107220.17886642832
693 9.049375 61776.03891767188 -109239.5994291422
694 9.060625 63016.44256162872 -111294.474377668
695 9.071875 64280.164591169516 -113385.38099042699
696 9.083125 65567.61363391342 -115512.90521138767
697 9.094375 66879.20495842583 -117677.64176915912
698 9.105625 68215.3605737196 -119880.19429756701
699 9.116875 69576.50933012119 -122121.17545772903
700 9.128125 70963.08702151862 -124401.20706166187
701 9.139375 72375.5364890087 -126720.92019741051
702 9.150625 73814.30772596046 -129080.9553557313
703 9.161875 75279.85798451275 -131481.96255835937
704 9.173125 76772.65188352366 -133924.60148786008
705 9.184375 78293.16151798972 -136409.54161907593
706 9.195625 79841.86656995298 -138937.46235220693
707 9.206875 81419.2544209145 -141509.05314753484
708 9.218125 83025.82026577264 -144125.01366180042
709 9.229375 84662.06722830512 -146786.0538862641
710 9.240625 86328.5064782137 -149492.8942864649
711 9.251875 88025.65734975072 -152246.265943693
712 9.263125 89754.04746194693 -155046.91069819639
713 9.274375 91514.21284046027 -157895.58129414357
714 9.285625 93306.69804106529 -160793.04152635997
715 9.296875 95132.0562748035 -163740.06638885662
716 9.308125 96990.8495348147 -166737.44222517218
717 9.319375 98883.64872487001 -169785.96688054595
718 9.330625 100811.03378962714 -172886.44985594228
719 9.341875 102773.59384662886 -176039.7124639526
720 9.353125 104771.92732006623 -179246.5879865894
721 9.364375 106806.64207632729 -182507.9218349913
722 9.375625 108878.35556135367 -185824.57171105687
723 9.386875 110987.69493982622 -189197.40777105652
724 9.398125 113135.2972362026 -192627.31279120035
725 9.409375 115321.8094776284 -196115.1823352063
726 9.420625 117547.88883874493 -199661.92492390424
727 9.431875 119814.20278841641 -203268.46220686194
728 9.443125 122121.42923839949 -206935.7291360963
729 9.454375 124470.25669397875 -210664.67414185125
730 9.465625 126861.38440659131 -214456.25931049697
731 9.476875 129295.52252846511 -218311.46056456212
732 9.488125 131773.39226929416 -222231.26784491446
733 9.499375 134295.72605497588 -226216.6852951236
734 9.510625 136863.26768843463 -230268.73144801985
735 9.521875 139476.77251255652 -234388.43941449095
736 9.533125 142137.00757526088 -238576.8570745131
737 9.544375 144844.75179673327 -242835.04727046005
738 9.555625 147600.79613884643 -247164.0880027227
739 9.566875 150405.94377679474 -251565.07262762263
740 9.578125 153261.01027296815 -256039.11005770415
741 9.589375 156166.8237530933 -260587.32496438082
742 9.600625 159124.22508466695 -265210.8579829652
743 9.611875 162134.06805771025 -269910.8659201572
744 9.623125 165197.21956787072 -274688.5219639577
745 9.634375 168314.55980189954 -279545.0158960493
746 9.645625 171486.98242553207 -284481.5543066887
747 9.656875 174715.39477380028 -289499.3608121341
748 9.668125 178000.71804380533 -294599.67627461907
749 9.679375 181343.88748997945 -299783.7590248911
750 9.690625 184745.85262186563 -305052.8850873783
751 9.701875 188207.57740444574 -310408.3484079968
752 9.713125 191730.04046104584 -315851.46108457074
753 9.724375 195314.23527884885 -321383.5536001716
754 9.735625 198961.17041704996 -327005.97505823895
755 9.746875 202671.8697176595 -332720.09342170134
756 9.758125 206447.37251903853 -338527.29576146044
757 9.769375 210288.73387229262 -344428.98848845996
758 9.780625 214197.02476002916 -350426.59753554873
759 9.791875 218173.3323168428 -356521.5687080771
760 9.803125 222218.7600559612 -362715.36849830486
761 9.814375 226334.42810805497 -369009.48412646167
762 9.825625 230521.4734488069 -375405.4199814331
763 9.836875 234781.0500576375 -381904.693794135
764 9.848125 239114.32905917527 -388508.8500487432
765 9.859375 243522.4991837346 -395219.5021115877
766 9.870625 248006.76785668632 -402038.3570894506
767 9.881875 252568.36221824755 -408967.11183144525
768 9.893125 257208.5278728942 -416007.15782651305
769 9.904375 261928.52326934447 -423159.2415221408
770 9.915625 266729.61080714274 -426763.3366931637
